2.735
20.859
480.924
16.031
70.682
11.672
11.625
8.422
25.156
16.64
28.703
50.172
22.5
32.968
33.859
890.73
8.801
2207.547
17.27
4.796
20.113
2.594
19.578
11.735
14.672
17.047
175.546
46.031
210.338
40.46
1.553
53.195
55.171
65.889
59.195
248.719
106.326
4.562
21.064
25.498
11
6.547
48.906
29.422
6.308
20.281
333.479
23.514
74.697
83.208
138.892
4.078
6.203
32.473
32.766
8.337
35.578
36.391
73.063
3.424
22.544
33.797
3.116
59.25
36.727
18.937
59.609
20.926
13.622
22.256
8.281
3.61
15.437
5.427
7.328
2486.68
3.797
18.094
64.656
96.774
51.219
18.207
12.094
44.453
20.562
21.844
173.52
77.969
60.218
84.36
134.651
20
53.89
117.797
24.703
97
8.204
54
1373.062
62.855
43.031
55.437
31.462
25.344
25.344
379.031
12.064
156.516
65.656
962.89
48.065
15.675
45.269
3686.384
8
47.938
5.486
59.14
60.562
45.282
114.063
14.557
39.781
5.468
61
8.166
653.99
55.86
74.891
53.282
258.422
17.433
5.594
23.687
49.469
53.594
2.391
80.191
1.306
4810.657
117
220.05
45.307
48.5
89.062
22.242
118.907
10.301
171.39
79.985
96.313
222.998
344.577
207.936
0.203
55.75
52.031
14.907
43.98
26.453
0.687
3.153
102.938
5677.484
112.797
51.7
9.031
189.41
12.359
19.28
64.987
20.662
1045.719
1937.641
102.531
1047.907
1102.229
794.64
178
56.61
112.296
7.395
79.687
1052.985
138.203
2.578
84.078
598.875
105.593
246.494
126.485
148.906
9.422
97.243
6.404
85.797
22.547
1121.238
39.006
70.547
21.882
35.906
4010.265
84.363
95.626
16.611
116.476
43.141
15.016
2.754
47.17
152.547
175.219
4.338
15.563
1.878
2.41
172.718
7.972
7.421
651.226
26.14
44.867
36.359
12.763
9.406
402.953
2.656
40.984
155
34.11
49.544
3.563
15.625
552.548
60.055
11.883
4421.436
15.516
96
7.674
466.672
140.444
26.968
9.302
313.388
52
24.799
11.156
9.562
26.656
65.641
176.921
26.484
314.364
61.039
8.775
204.266
1110.5
23.704
10.484
113.75
221.711
436.605
20.438
322.991
202.922
19.25
13.234
2.418
27.029
630.937
214.14
7.687
195.109
11.126
34.375
35.312
7.017
19.105
31.657
32.547
6.765
20.128
77.273
60.234
73.71
298
38.218
12.841
61.39
61.375
1.485
20.652
2728.047
17.168
663.781
23.121
71.141
6.375
21.256
96.641
546.923
2.758
116.047
47.672
12.444
3.086
155.578
42.156
202.266
61.826
2.282
6.22
56.937
4.759
5.105
7.987
81.941
162.609
61.11
26.016
1533.335
17.209
254.324
7.75
24.844
11.64
35.136
4.149
225.704
180.953
1024.403
23.599
3.188
183.563
4.609
106.245
7.234
15.171
84.031
1381.759
77.891
2.312
37.494
24.778
13.844
48.828
30.512
16.62
244.696
252.515
88.965
1554.639
6.066
85.985
93
455.523
469.852
17.885
4.576
9.666
2.651
12.347
54
113
8.991
0.209
15478.317
4.359
1.968
290.89
27.266
58
10.937
39.549
86.172
16.612
19
66.156
24.313
13.625
5.818
937.288
118.406
106.356
0.422
71.701
16.989
27.938
15.219
81.564
23.219
118.871
112.694
1.948
11.572
4.14
15.938
2787.344
61.031
22.309
6.625
74.059
8.063
6.297
48.047
15.844
2.414
9.843
63.61
8.422
1850.365
415.203
86.491
2.093
39.719
13.781
85
3.596
593.672
82.454
185.391
73.661
23.063
15.75
10.879
158.97
39.235
221.734
134.852
1787.484
6.203
15.188
308.562
344.056
4.896
16.078
2560.844
2837
61.891
44.045
215.434
11.047
93.594
195.922
4378.477
2.372
29.218
26.875
4.556
26.859
37.141
57.647
300.125
36.011
23.766
840.766
6.163
69.125
19.828
543.204
19.597
1032.326
23.125
1585.796
54.355
26.703
15.949
347.828
11.25
22.719
40.939
19.156
304.312
304.593
855.91
23.437
205.488
72.031
12.048
0.542
864.391
111.874
431.985
5.221
14.122
14.067
58.687
8.625
4.688
3.516
40.287
21.043
41.719
11387.14
18.532
9.172
314.147
18.925
5.022
4.562
24.309
13.006
100.042
1045.374
134.703
236.312
5.368
236.406
10.984
383.453
23.219
17.859
1.86
70.337
48.006
8.711
6.539
29.813
119
494.063
74.27
1082.669
12.656
65.99
52.355
15.798
12.849
1.594
130.337
23.229
78.197
31.201
74.07
2.313
13.279
85.75
72
5.5
6.264
1.688
2.953
25.828
430.69
261.157
113.656
4.267
54.749
6.887
46.41
23.322
604.5
14.844
1.672
14.875
192.813
17.322
71.378
46.171
2.922
2.031
10.078
23.317
48.665
71.375
25.762
1201.266
6.719
208.391
112.5
735.766
15.683
31.297
5.832
1176.234
1.641
8.313
487.36
3.309
4.218
81.047
21.562
2.437
19.016
2873.547
6.935
222.347
14.627
54.375
15.281
124.078
21.156
485.187
6.475
1.515
3.906
37.408
3.064
611.46
49.672
42.031
6.162
28.01
15.973
101.715
40
16.338
436.247
646.785
241.391
23.375
10.781
6.54
8.425
2.358
37.375
27.216
13.695
77.773
115.806
15.922
170.298
36.546
30
72.046
32.032
5.371
33.735
11.172
15
249.259
478.531
349.235
12.937
41.173
69.086
29.788
4.257
29.923
120.14
2.262
444.562
5.204
50.158
6.891
12.219
28.828
10.266
42.69
11.328
30.141
15.972
57.328
69.078
13.265
16.541
31.953
139.424
6.125
23
10.953
5.328
41.531
7.822
233.899
168.421
70.516
213.134
5.684
314.368
55
25.36
132.377
7386.703
44.266
25.075
117.09
130
37.072
78.766
41.407
38.629
4.69
118.297
3.375
85.83
376.847
555.415
19.719
0.86
58.25
52.603
47.134
77.615
7.666
83.743
18.97
10071.86
12.514
1211.962
73.9
9.759
17.471
19409.238
4.832
33
3.758
36.344
1072.078
203.531
0.219
13.457
14.719
1.625
9.428
53.625
45.039
37.364
147.5
57.703
72.951
313.619
14.938
14.906
12.078
2.375
382.321
44.864
5.387
111.357
130.675
9.865
7.703
37.019
641.799
219.815
10.812
214.07
15.933
16.922
18.814
141.969
11.867
197.21
111.156
1195.323
69.078
12.512
109.728
2770.663
28.656
109.87
63.185
159.953
167.074
807.407
33.937
153.234
172.673
518.925
167.062
45.485
19
19.469
2.969
7.375
91
25.094
22.448
22.465
134.45
15.875
10.999
3.734
9.982
30.266
775.139
159.579
23.575
13.999
56.098
125.696
0.781
59.453
151.198
1.719
630.532
12.366
15.359
593.973
70.946
177.423
108.737
7649.809
20.367
16.25
10.75
2.172
14.343
62.218
112.125
78.579
102.844
97.109
58.097
2394.209
15.031
1212.153
21.152
33.005
68.218
1979.235
69.204
52.017
76.156
271
3.144
13.922
71.89
73.094
47.166
69.773
2.814
12.823
45.107
33.425
114.179
6.082
4.686
433.657
9.763
185.004
269.578
486.235
40.171
26.505
11.792
113.953
344.586
344.604
49.109
16.568
2173.706
699.265
111.344
3.142
80.103
521.203
21.574
38.613
6.851
23.5
9.944
20.645
1.391
40.033
249.162
19.253
171.314
59.88
1729.625
27.829
15.64
238.797
180.51
67.078
1.531
112.485
540.945
20.286
540.897
28.656
228.992
7.49
29.636
11.282
10.062
32.092
120.478
27.563
45.635
27.543
1344.395
14.042
7506.679
1892.734
14.366
36
320.505
0.406
3614.969
31.984
22.64
37.31
12.686
0.188
251.233
396.172
47.655
168.074
4.324
45.714
6.691
2.625
43.343
209.491
181.422
24.642
64.688
7.214
63.867
102.429
36.218
8.734
7.578
6.77
27.688
210.399
4904.716
6.506
26.625
19
4906.982
64.789
193.797
193.75
1.878
435.204
6.078
2258.071
167.105
0.25
2078.718
24.656
44.703
11.171
4384.084
94.91
162.418
17.59
14.458
99.052
16.008
33.532
130.021
6.542
55.656
8.609
810.984
39.859
152
15.004
8.356
2.911
121
3.837
251.08
165.807
39.158
29.031
7.781
35.116
785.909
21.874
23.531
34.89
88
13.601
7.547
1697.318
10.984
507.625
35.125
139.962
12.752
12.765
163.109
620.662
54.575
11
0.734
0.26
28.141
37.813
838.968
96.015
253.125
2.022
16.151
384.375
58.562
84.677
23.176
18.953
108.216
41.293
530.282
61.625
4.266
6.172
945.568
52.075
20.944
2395.844
17136.016
44
7.735
23.203
12.255
26.851
666.594
6085.587
6.392
4.266
97.278
2188.953
584.25
89.254
12.937
7.88
3836.407
13.437
8.594
23.461
6.922
11.047
11.032
25.871
15.321
45.551
29.034
15.359
495.829
38.961
256.766
14.348
25.047
4.203
133.476
93.952
11.192
29.521
18.252
152.417
30.563
125.931
68.11
69.155
272.453
24.957
30.372
196.734
24.437
23.638
5.25
14.453
68.473
65.273
4.422
71.197
41.953
4.044
4.9
41.907
19.367
892.534
12.031
44.703
61.326
17.734
11.345
3.734
44.992
61.635
150.605
13.109
45.593
43.375
30.672
54.297
4.71
3740.578
23.828
45.235
2337.309
578.3
3.297
21.844
20.532
9.531
48.625
2241.976
59.234
12
3.625
10.952
6.188
101.413
15.922
7.5
8.279
38.011
37.916
29.75
82
23.156
34.085
22.86
439.051
13.11
441.081
8.503
69.64
1270.078
18.5
37.219
52.235
43.627
84.781
52.953
22.829
18.874
37.281
15.563
191.328
14.765
9.515
27.623
92.5
3.788
441.976
55
2224.368
2988.64
111.133
8.427
4.706
214.156
10.093
70.585
19.625
13.343
8.047
273.266
82.531
3.657
354.645
16.438
7.046
4.867
7.171
1.123
21.735
146.347
5.61
37.188
15
313.44
122.094
48.51
14.77
7.75
15.502
7.813
44.609
12.591
10.011
36.328
14.031
3219.953
4.209
39.156
74.338
105
29.049
16.078
11.376
5.985
244.765
24.657
91.703
1.734
93.625
28.968
25.157
34.264
13.907
23.285
1.42
27.312
234.607
45.734
115.904
88
40.204
66.719
62.297
101.232
9.359
26.14
11.063
83.938
3.813
58.786
1.958
331.719
332.266
6.197
40.641
31.766
0.656
43.764
33.421
56.75
123.031
77.825
113.437
73.689
15.164
4.195
14.523
28.422
179.219
10.212
52.25
32.338
0.531
3.282
136.734
54.821
71.875
8.245
241.546
19.89
99.463
1036.82
81.953
7.914
20.453
20.375
24.875
102.099
199.922
4.254
599.313
0.662
0.165
228.078
12.562
1.797
92.466
5.469
19.09
8.383
27.047
7.4
5.443
93.64
117.94
119.768
101.5
107.24
512.727
141.765
1438
82.994
11.89
46.406
17.422
4.086
0.703
4.906
78.813
3.641
21.849
5.164
12.081
15.619
598.787
14.375
1.979
602.447
120.75
18.009
9.874
12.5
4.154
4217.062
10.046
124.406
131.25
1621.29
91.266
0.078
9.672
7.266
14.219
28.948
276.547
15.005
102.937
169.577
247.515
454.608
588.86
12.968
5.535
239.188
15.795
21.6
3.57
5.016
55.173
156.438
49.625
48.611
849.375
3.138
5
26.141
39.712
13.266
161.813
14.574
157.547
71.063
68
2.638
110.023
31.172
7.277
46.359
14.547
165.741
91.328
52.2
24.609
220.539
246.297
21.672
0.297
181.672
72.031
66.625
65.031
33.888
307.016
31.03
1132.266
0.508
39.409
337.72
0.806
15.937
195.313
25.876
86.766
7.828
12
1.888
21.287
10.624
18.093
2.531
21.749
37.48
64
2.074
21.744
97
44.422
9.109
18.457
62.079
35
27.782
11.829
21.431
35.609
1607.657
8700.408
335.562
33.484
73.446
20.219
16.953
362.266
47.047
11.996
10.358
12.672
280.219
29.343
41.594
18.906
2.515
84
7.547
563.526
348.172
55.633
70.703
297.416
73
2.703
191.125
73.796
77.64
73.78
259.985
755.421
45.132
17.392
1222.556
98.172
23.654
67.672
79.078
216.359
25.089
114.843
39.423
40.49
122.922
458.172
20.171
59.714
348.031
118.224
35.665
54.468
91.812
3.309
4.364
94.208
21.85
1.297
101.203
5.406
266.047
604.668
2.387
26.938
266.855
199.672
113.828
4.522
243.282
177.335
11.996
2782.196
131.719
92.516
3354.75
114.297
53.187
115.349
11.363
86.641
9.027
137.125
1.624
3700.891
95.047
405.711
146.54
83.086
43.363
15.109
2.11
51.797
15.047
33.845
172.828
173.344
11.562
38.399
59.018
142.5
1.094
19.015
13.484
13.531
32.065
77
66.546
69.019
2879.393
172.531
67.619
51.781
25.074
12.422
75.307
21.949
88.179
83.499
8.015
113.25
61.88
41.907
107.5
13.684
18.219
69.198
33.891
834.81
48.188
133.627
882.573
66.829
622.912
3.672
8.707
10.588
25.75
47.672
18.406
17.242
187.828
9091.604
5.453
0.265
24.087
102.126
57.515
62.237
63.578
9729.811
970.203
17.693
5.773
36.5
27.094
2.468
2.515
60.344
20.843
20.875
12.141
92
86.803
52.973
4.343
16.656
53.985
3.115
902.703
83.047
20.485
10.968
591.421
29.158
53.562
275.641
274.61
69
4.702
298.52
107.781
9.422
18.157
283.157
2.909
10.891
208.73
241.857
19.991
1336.427
23.085
417.328
838.942
55.71
33.292
103.979
3.553
1593.568
60
30.145
22.375
9.914
23.01
3.924
43.762
36.705
4.981
435.125
175.281
60.569
1.441
41.008
11.451
7.671
516.36
265.792
1113.296
1167.168
33.93
8.619
83.456
867.982
503
47.86
63.164
33.297
3.146
445.593
74.265
6.703
37.469
188.813
16.872
17.329
288.437
592.531
592.594
255.436
3.237
338.962
122.974
237.594
237.657
21.531
678.531
401.288
106.563
38.174
3.741
12.078
8.732
11.179
3.779
80.263
8.818
1417.079
1422.485
14.036
9.395
124.944
436.047
580.157
69.667
40.359
2.322
519.823
13.843
14.641
58.454
41.445
5.14
0.579
30.095
25.364
3.25
3.547
196.469
131.775
346.86
30.835
372.201
15.063
1095.801
1493.813
190.578
0.343
12.485
780.948
16.555
243.734
58.325
98.782
20.846
5.265
21.296
92.734
12.088
7.976
15.703
3.14
18.484
32.078
66.348
8.779
550.984
19.7
2.064
4.293
6070.944
6.294
404.361
1.469
366.303
1378.985
567.14
23.548
53.094
16.896
4403.891
571.203
13.522
13.781
85.75
55.87
463.234
16.909
124.25
109.53
67.437
15.019
59.992
0.157
69
8.548
459.909
249.133
82.389
460.917
4.797
11.063
47.764
7.604
0.323
1239.208
30.433
108.315
108.884
33
7.813
106.064
84.875
95.938
425.047
715.759
54.938
1.313
649.266
777.047
3.229
64.719
13.402
79.547
66.941
4.765
20.406
190.476
90.042
61.5
2122.437
25.843
95.906
31.203
28.701
11.501
5.219
39.953
36.704
1.288
57.379
16.604
43.839
410.037
17.297
187.406
119.06
16.806
3.826
45.343
8.093
100.91
4.459
4.219
15.905
1759.656
17
17.516
5.11
2.668
133.489
15.768
200.279
8.485
6.61
2474.565
24.797
25.234
99.11
34.066
98.313
19.256
403.307
6.578
14.812
59.203
434.66
44.347
15.371
3.878
93.406
5.141
62.31
713.609
714.125
14.424
72.453
15.249
2614.848
12.987
19.142
38.641
433.501
253.039
3.521
21.864
21.344
30.33
82.953
599.992
18.735
3.406
134.315
134.311
3.781
21.652
110.558
3.578
4.049
125.969
0.456
3785.068
37.859
201.391
240.219
23.453
69.375
895.094
36.089
8.86
405.43
29.824
43.957
8.141
38.625
8.562
1022.838
545.531
8.343
24.755
16.201
175.754
39.089
208.837
1586.672
43.531
13.183
5.375
87.57
8251.62
254.79
55.727
0.503
468.828
930.998
26.769
241.187
401.387
4154.282
35.376
3.227
19.891
37.697
32.937
76.312
17.156
35.461
41.894
5.328
1729.547
1815.295
3150.308
18.722
1785.694
5.698
10.375
1238.609
4.719
14893.532
265.047
1633.908
710.035
28.672
217.407
217.438
71.859
9.011
18.65
27.032
23.091
3.046
42.328
1211.346
191.654
29.907
478.942
62.937
7.156
10.66
10.422
46.531
25.134
32.735
145.019
16.562
32.75
7.585
9.219
7.385
88.696
4.582
25.549
28.189
74.916
2193.781
66.172
34.953
51
35.016
63.484
44.172
56.485
11.092
25.715
1051.156
45.13
25.043
16.601
18.406
22.496
142.641
5.202
4.235
50
32.828
6.521
26.69
90.344
217.948
31.5
8.821
118
849.343
61.219
849.422
120.063
11.726
13.16
59.004
0.422
41
0.649
4.718
15.532
404.251
3.672
11.165
60.563
245.907
424.514
934.484
721.807
4.141
4938.281
16.669
6468.672
23.499
23.508
8.969
39.018
101.078
55.031
7.348
8.029
1003.625
17.492
11.141
4.442
196.708
24.859
8.453
6.797
5.594
5.815
18.836
1866.719
15.172
14.117
922.847
134.216
3.644
8.839
9.25
570.284
178.969
48.109
1622.987
5.968
160.821
24.039
13.656
7.516
46.985
75.848
5.672
11.626
16.844
5.186
0.802
115.235
4559.515
2124.532
300.719
99.734
10.25
32.64
15.313
20.522
1571.879
67.073
41.426
67.092
378.563
2.171
8.828
36.312
43.292
5.75
174.313
39.047
8.719
44.469
1013.749
4.298
4.309
20.817
37.032
23.186
10.204
107.661
16.641
56.296
895.656
42.657
349.906
20.078
24.332
48.25
77.707
339.688
33.581
789.625
10.624
10.593
34.75
83.359
22.781
1.324
1905.794
28.093
13.747
23.913
24.422
39.783
2160.657
47.724
118.426
1065.937
4.188
310.066
130.319
36.27
86.29
18.657
92.031
46.328
49.828
34.688
12.785
22.003
288.468
10.825
145.153
18.347
5341.578
1.267
4.537
20.375
11.273
902.21
4.237
402.471
12.625
39.171
406.018
40.931
254.985
132.485
12.781
160.848
1.888
104.297
34.985
2711.514
1.422
1180.656
250.155
616.465
66.808
5.569
1075.125
10.115
36.028
13.031
27.657
7.656
15.44
46.09
14.797
37.438
14.781
16.234
17
10.454
4.418
1278.385
5.35
21.852
57.328
77
216.531
70.044
24.493
142.969
5609.491
24.286
2.407
200.218
44.964
9.855
5.327
70.578
42.016
154.671
21.341
51
18.789
634.392
10.719
54.58
10.456
3.102
2.39
1049.985
11.353
58.993
1566.252
24.571
25.023
12.621
1895.94
2.804
7.745
17
62.672
8.996
91.947
198.938
604.112
7.547
87.703
7456.558
246.25
54.891
23.843
16.453
7.08
110
31.703
16.905
3.614
946.625
52.712
13.906
10.5
37.542
4.557
358.283
409.75
15.68
11.832
17.953
24
3.949
491.359
2782.59
122.625
55.101
6.268
325.157
4.516
1307.469
1307.484
17.295
1498.634
8.354
19.503
19.492
28.704
82.058
335.764
9.791
540.407
23.271
36.713
6.359
2.645
1555.237
9.039
616.016
59.735
46.406
1409.611
68.358
39.375
65.61
26.703
40.031
2.472
2143.772
42.781
12.078
178.758
140.078
1093.609
3646.49
548.344
2.288
14.59
22.782
10.627
6.729
1009.344
1.375
27.86
7.859
30.75
118.251
30.797
55.648
471.484
96.094
10.761
3.047
0.206
1.562
1577.495
45.875
12.172
12.157
17.881
101.986
3.266
103.625
26.5
354.344
33.297
437.078
521.312
62
11.969
11.925
5167.641
8.797
37.672
25.056
1.594
46.516
488.344
13.266
135.589
28.237
31.125
846.576
60.515
17.938
46.078
90.755
113.169
12.788
1.376
9.724
118.191
23.619
47.231
179.542
628.032
5.407
2.169
26.124
16.892
21.924
227.081
263.86
4.418
120.688
29.539
11.734
15.887
6.485
27.422
7.516
69.531
336.172
14.031
11.637
403.842
12.594
35.5
3.134
116.062
12.325
7.641
178.234
13.156
3.941
72.062
