0.078
0.157
0.165
0.188
0.203
0.206
0.209
0.219
0.25
0.26
0.265
0.297
0.323
0.343
0.406
0.422
0.422
0.456
0.503
0.508
0.531
0.542
0.579
0.649
0.656
0.662
0.687
0.703
0.734
0.781
0.802
0.806
0.86
1.094
1.123
1.267
1.288
1.297
1.306
1.313
1.324
1.375
1.376
1.391
1.42
1.422
1.441
1.469
1.485
1.515
1.531
1.553
1.562
1.594
1.594
1.624
1.625
1.641
1.672
1.688
1.719
1.734
1.797
1.86
1.878
1.878
1.888
1.888
1.948
1.958
1.968
1.979
2.022
2.031
2.064
2.074
2.093
2.11
2.169
2.171
2.172
2.262
2.282
2.288
2.312
2.313
2.322
2.358
2.372
2.375
2.387
2.39
2.391
2.407
2.41
2.414
2.418
2.437
2.468
2.472
2.515
2.515
2.531
2.578
2.594
2.625
2.638
2.645
2.651
2.656
2.668
2.703
2.735
2.754
2.758
2.804
2.814
2.909
2.911
2.922
2.953
2.969
3.046
3.047
3.064
3.086
3.102
3.115
3.116
3.134
3.138
3.14
3.142
3.144
3.146
3.153
3.188
3.227
3.229
3.237
3.25
3.266
3.282
3.297
3.309
3.309
3.375
3.406
3.424
3.516
3.521
3.547
3.553
3.563
3.57
3.578
3.596
3.61
3.614
3.625
3.641
3.644
3.657
3.672
3.672
3.734
3.734
3.741
3.758
3.779
3.781
3.788
3.797
3.813
3.826
3.837
3.878
3.906
3.924
3.941
3.949
4.044
4.049
4.078
4.086
4.14
4.141
4.149
4.154
4.188
4.195
4.203
4.209
4.218
4.219
4.235
4.237
4.254
4.257
4.266
4.266
4.267
4.293
4.298
4.309
4.324
4.338
4.343
4.359
4.364
4.418
4.418
4.422
4.442
4.459
4.516
4.522
4.537
4.556
4.557
4.562
4.562
4.576
4.582
4.609
4.686
4.688
4.69
4.702
4.706
4.71
4.718
4.719
4.759
4.765
4.796
4.797
4.832
4.867
4.896
4.9
4.906
4.981
5.0
5.016
5.022
5.105
5.11
5.14
5.141
5.164
5.186
5.202
5.204
5.219
5.221
5.25
5.265
5.327
5.328
5.328
5.35
5.368
5.371
5.375
5.387
5.406
5.407
5.427
5.443
5.453
5.468
5.469
5.486
5.5
5.535
5.569
5.594
5.594
5.61
5.672
5.684
5.698
5.75
5.773
5.815
5.818
5.832
5.968
5.985
6.066
6.078
6.082
6.125
6.162
6.163
6.172
6.188
6.197
6.203
6.203
6.22
6.264
6.268
6.294
6.297
6.308
6.359
6.375
6.392
6.404
6.475
6.485
6.506
6.521
6.539
6.54
6.542
6.547
6.578
6.61
6.625
6.691
6.703
6.719
6.729
6.765
6.77
6.797
6.851
6.887
6.891
6.922
6.935
7.017
7.046
7.08
7.156
7.171
7.214
7.234
7.266
7.277
7.328
7.348
7.375
7.385
7.395
7.4
7.421
7.49
7.5
7.516
7.516
7.547
7.547
7.547
7.578
7.585
7.604
7.641
7.656
7.666
7.671
7.674
7.687
7.703
7.735
7.745
7.75
7.75
7.781
7.813
7.813
7.822
7.828
7.859
7.88
7.914
7.972
7.976
7.987
8.0
8.015
8.029
8.047
8.063
8.093
8.141
8.166
8.204
8.245
8.279
8.281
8.313
8.337
8.343
8.354
8.356
8.383
8.422
8.422
8.425
8.427
8.453
8.485
8.503
8.548
8.562
8.594
8.609
8.619
8.625
8.707
8.711
8.719
8.732
8.734
8.775
8.779
8.797
8.801
8.818
8.821
8.828
8.839
8.86
8.969
8.991
8.996
9.011
9.027
9.031
9.039
9.109
9.172
9.219
9.25
9.302
9.359
9.395
9.406
9.422
9.422
9.428
9.515
9.531
9.562
9.666
9.672
9.724
9.759
9.763
9.791
9.843
9.855
9.865
9.874
9.914
9.944
9.982
10.011
10.046
10.062
10.078
10.093
10.115
10.204
10.212
10.25
10.266
10.301
10.358
10.375
10.422
10.454
10.456
10.484
10.5
10.588
10.593
10.624
10.624
10.627
10.66
10.719
10.75
10.761
10.781
10.812
10.825
10.879
10.891
10.937
10.952
10.953
10.968
10.984
10.984
10.999
11.0
11.0
11.032
11.047
11.047
11.063
11.063
11.092
11.126
11.141
11.156
11.165
11.171
11.172
11.179
11.192
11.25
11.273
11.282
11.328
11.345
11.353
11.363
11.376
11.451
11.501
11.562
11.572
11.625
11.626
11.637
11.64
11.672
11.726
11.734
11.735
11.792
11.829
11.832
11.867
11.883
11.89
11.925
11.969
11.996
11.996
12.0
12.0
12.031
12.048
12.064
12.078
12.078
12.078
12.081
12.088
12.094
12.141
12.157
12.172
12.219
12.255
12.325
12.347
12.359
12.366
12.422
12.444
12.485
12.5
12.512
12.514
12.562
12.591
12.594
12.621
12.625
12.656
12.672
12.686
12.752
12.763
12.765
12.781
12.785
12.788
12.823
12.841
12.849
12.937
12.937
12.968
12.987
13.006
13.031
13.109
13.11
13.156
13.16
13.183
13.234
13.265
13.266
13.266
13.279
13.343
13.402
13.437
13.457
13.484
13.522
13.531
13.601
13.622
13.625
13.656
13.684
13.695
13.747
13.781
13.781
13.843
13.844
13.906
13.907
13.922
13.999
14.031
14.031
14.036
14.042
14.067
14.117
14.122
14.219
14.343
14.348
14.366
14.375
14.424
14.453
14.458
14.523
14.547
14.557
14.574
14.59
14.627
14.641
14.672
14.719
14.765
14.77
14.781
14.797
14.812
14.844
14.875
14.906
14.907
14.938
15.0
15.0
15.004
15.005
15.016
15.019
15.031
15.047
15.063
15.109
15.164
15.171
15.172
15.188
15.219
15.249
15.281
15.313
15.321
15.359
15.359
15.371
15.437
15.44
15.502
15.516
15.532
15.563
15.563
15.619
15.625
15.64
15.675
15.68
15.683
15.703
15.75
15.768
15.795
15.798
15.844
15.875
15.887
15.905
15.922
15.922
15.933
15.937
15.938
15.949
15.972
15.973
16.008
16.031
16.078
16.078
16.151
16.201
16.234
16.25
16.338
16.438
16.453
16.541
16.555
16.562
16.568
16.601
16.604
16.611
16.612
16.62
16.64
16.641
16.656
16.669
16.806
16.844
16.872
16.892
16.896
16.905
16.909
16.922
16.953
16.989
17.0
17.0
17.0
17.047
17.156
17.168
17.209
17.242
17.27
17.295
17.297
17.322
17.329
17.392
17.422
17.433
17.471
17.492
17.516
17.59
17.693
17.734
17.859
17.881
17.885
17.938
17.953
18.009
18.093
18.094
18.157
18.207
18.219
18.252
18.347
18.406
18.406
18.457
18.484
18.5
18.532
18.65
18.657
18.722
18.735
18.789
18.814
18.836
18.874
18.906
18.925
18.937
18.953
18.97
19.0
19.0
19.0
19.015
19.016
19.09
19.105
19.142
19.156
19.25
19.253
19.256
19.28
19.367
19.469
19.492
19.503
19.578
19.597
19.625
19.7
19.719
19.828
19.89
19.891
19.991
20.0
20.078
20.113
20.128
20.171
20.219
20.281
20.286
20.367
20.375
20.375
20.406
20.438
20.453
20.485
20.522
20.532
20.562
20.645
20.652
20.662
20.817
20.843
20.846
20.859
20.875
20.926
20.944
21.043
21.064
21.152
21.156
21.256
21.287
21.296
21.341
21.344
21.431
21.531
21.562
21.574
21.6
21.652
21.672
21.735
21.744
21.749
21.844
21.844
21.849
21.85
21.852
21.864
21.874
21.882
21.924
21.949
22.003
22.242
22.256
22.309
22.375
22.448
22.465
22.496
22.5
22.544
22.547
22.64
22.719
22.781
22.782
22.829
22.86
23.0
23.01
23.063
23.085
23.091
23.121
23.125
23.156
23.176
23.186
23.203
23.219
23.219
23.229
23.271
23.285
23.317
23.322
23.375
23.437
23.453
23.461
23.499
23.5
23.508
23.514
23.531
23.548
23.575
23.599
23.619
23.638
23.654
23.687
23.704
23.766
23.828
23.843
23.913
24.0
24.039
24.087
24.286
24.309
24.313
24.332
24.422
24.437
24.493
24.571
24.609
24.642
24.656
24.657
24.703
24.755
24.778
24.797
24.799
24.844
24.859
24.875
24.957
25.023
25.043
25.047
25.056
25.074
25.075
25.089
25.094
25.134
25.156
25.157
25.234
25.344
25.344
25.36
25.364
25.498
25.549
25.715
25.75
25.762
25.828
25.843
25.871
25.876
26.016
26.124
26.14
26.14
26.141
26.453
26.484
26.5
26.505
26.625
26.656
26.69
26.703
26.703
26.769
26.851
26.859
26.875
26.938
26.968
27.029
27.032
27.047
27.094
27.216
27.266
27.312
27.422
27.543
27.563
27.623
27.657
27.688
27.782
27.829
27.86
27.938
28.01
28.093
28.141
28.189
28.237
28.422
28.656
28.656
28.672
28.701
28.703
28.704
28.828
28.948
28.968
29.031
29.034
29.049
29.158
29.218
29.343
29.422
29.521
29.539
29.636
29.75
29.788
29.813
29.824
29.907
29.923
30.0
30.095
30.141
30.145
30.266
30.33
30.372
30.433
30.512
30.563
30.672
30.75
30.797
30.835
31.03
31.125
31.172
31.201
31.203
31.297
31.462
31.5
31.657
31.703
31.766
31.953
31.984
32.032
32.065
32.078
32.092
32.338
32.473
32.547
32.64
32.735
32.75
32.766
32.828
32.937
32.968
33.0
33.0
33.005
33.292
33.297
33.297
33.421
33.425
33.484
33.532
33.581
33.735
33.797
33.845
33.859
33.888
33.891
33.93
33.937
34.066
34.085
34.11
34.264
34.375
34.688
34.75
34.89
34.953
34.985
35.0
35.016
35.116
35.125
35.136
35.312
35.376
35.461
35.5
35.578
35.609
35.665
35.906
36.0
36.011
36.028
36.089
36.218
36.27
36.312
36.328
36.344
36.359
36.391
36.5
36.546
36.704
36.705
36.713
36.727
37.019
37.032
37.072
37.141
37.188
37.219
37.281
37.31
37.364
37.375
37.408
37.438
37.469
37.48
37.494
37.542
37.672
37.697
37.813
37.859
37.916
38.011
38.174
38.218
38.399
38.613
38.625
38.629
38.641
38.961
39.006
39.018
39.047
39.089
39.156
39.158
39.171
39.235
39.375
39.409
39.423
39.549
39.712
39.719
39.781
39.783
39.859
39.953
40.0
40.031
40.033
40.171
40.204
40.287
40.359
40.46
40.49
40.641
40.931
40.939
40.984
41.0
41.008
41.173
41.293
41.407
41.426
41.445
41.531
41.594
41.719
41.894
41.907
41.907
41.953
42.016
42.031
42.156
42.328
42.657
42.69
42.781
43.031
43.141
43.292
43.343
43.363
43.375
43.531
43.627
43.762
43.764
43.839
43.957
43.98
44.0
44.045
44.172
44.266
44.347
44.422
44.453
44.469
44.609
44.703
44.703
44.864
44.867
44.964
44.992
45.039
45.107
45.13
45.132
45.235
45.269
45.282
45.307
45.343
45.485
45.551
45.593
45.635
45.714
45.734
45.875
46.031
46.078
46.09
46.171
46.328
46.359
46.406
46.406
46.41
46.516
46.531
46.985
47.047
47.134
47.166
47.17
47.231
47.655
47.672
47.672
47.724
47.764
47.86
47.938
48.006
48.047
48.065
48.109
48.188
48.25
48.5
48.51
48.611
48.625
48.665
48.828
48.906
49.109
49.469
49.544
49.625
49.672
49.828
50.0
50.158
50.172
51.0
51.0
51.219
51.7
51.781
51.797
52.0
52.017
52.031
52.075
52.2
52.235
52.25
52.355
52.603
52.712
52.953
52.973
53.094
53.187
53.195
53.282
53.562
53.594
53.625
53.89
53.985
54.0
54.0
54.297
54.355
54.375
54.468
54.575
54.58
54.749
54.821
54.891
54.938
55.0
55.0
55.031
55.101
55.171
55.173
55.437
55.633
55.648
55.656
55.71
55.727
55.75
55.86
55.87
56.098
56.296
56.485
56.61
56.75
56.937
57.328
57.328
57.379
57.515
57.647
57.703
58.0
58.097
58.25
58.325
58.454
58.562
58.687
58.786
58.993
59.004
59.018
59.14
59.195
59.203
59.234
59.25
59.453
59.609
59.714
59.735
59.88
59.992
60.0
60.055
60.218
60.234
60.344
60.515
60.562
60.563
60.569
61.0
61.031
61.039
61.11
61.219
61.326
61.375
61.39
61.5
61.625
61.635
61.826
61.88
61.891
62.0
62.079
62.218
62.237
62.297
62.31
62.672
62.855
62.937
63.164
63.185
63.484
63.578
63.61
63.867
64.0
64.656
64.688
64.719
64.789
64.987
65.031
65.273
65.61
65.641
65.656
65.889
65.99
66.156
66.172
66.348
66.546
66.625
66.719
66.808
66.829
66.941
67.073
67.078
67.092
67.437
67.619
67.672
68.0
68.11
68.218
68.358
68.473
69.0
69.0
69.019
69.078
69.078
69.086
69.125
69.155
69.198
69.204
69.375
69.531
69.64
69.667
69.773
70.044
70.337
70.516
70.547
70.578
70.585
70.682
70.703
70.946
71.063
71.141
71.197
71.375
71.378
71.701
71.859
71.875
71.89
72.0
72.031
72.031
72.046
72.062
72.453
72.951
73.0
73.063
73.094
73.446
73.661
73.689
73.71
73.78
73.796
73.9
74.059
74.07
74.265
74.27
74.338
74.697
74.891
74.916
75.307
75.848
76.156
76.312
77.0
77.0
77.273
77.615
77.64
77.707
77.773
77.825
77.891
77.969
78.197
78.579
78.766
78.813
79.078
79.547
79.687
79.985
80.103
80.191
80.263
81.047
81.564
81.941
81.953
82.0
82.058
82.389
82.454
82.531
82.953
82.994
83.047
83.086
83.208
83.359
83.456
83.499
83.743
83.938
84.0
84.031
84.078
84.36
84.363
84.677
84.781
84.875
85.0
85.75
85.75
85.797
85.83
85.985
86.172
86.29
86.491
86.641
86.766
86.803
87.57
87.703
88.0
88.0
88.179
88.696
88.965
89.062
89.254
90.042
90.344
90.755
91.0
91.266
91.328
91.703
91.812
91.947
92.0
92.031
92.466
92.5
92.516
92.734
93.0
93.406
93.594
93.625
93.64
93.952
94.208
94.91
95.047
95.626
95.906
95.938
96.0
96.015
96.094
96.313
96.641
96.774
97.0
97.0
97.109
97.243
97.278
98.172
98.313
98.782
99.052
99.11
99.463
99.734
100.042
100.91
101.078
101.203
101.232
101.413
101.5
101.715
101.986
102.099
102.126
102.429
102.531
102.844
102.937
102.938
103.625
103.979
104.297
105.0
105.593
106.064
106.245
106.326
106.356
106.563
107.24
107.5
107.661
107.781
108.216
108.315
108.737
108.884
109.53
109.728
109.87
110.0
110.023
110.558
111.133
111.156
111.344
111.357
111.874
112.125
112.296
112.485
112.5
112.694
112.797
113.0
113.169
113.25
113.437
113.656
113.75
113.828
113.953
114.063
114.179
114.297
114.843
115.235
115.349
115.806
115.904
116.047
116.062
116.476
117.0
117.09
117.797
117.94
118.0
118.191
118.224
118.251
118.297
118.406
118.426
118.871
118.907
119.0
119.06
119.768
120.063
120.14
120.478
120.688
120.75
121.0
122.094
122.625
122.922
122.974
123.031
124.078
124.25
124.406
124.944
125.696
125.931
125.969
126.485
130.0
130.021
130.319
130.337
130.675
131.25
131.719
131.775
132.377
132.485
133.476
133.489
133.627
134.216
134.311
134.315
134.45
134.651
134.703
134.852
135.589
136.734
137.125
138.203
138.892
139.424
139.962
140.078
140.444
141.765
141.969
142.5
142.641
142.969
145.019
145.153
146.347
146.54
147.5
148.906
150.605
151.198
152.0
152.417
152.547
153.234
154.671
155.0
155.578
156.438
156.516
157.547
158.97
159.579
159.953
160.821
160.848
161.813
162.418
162.609
163.109
165.741
165.807
167.062
167.074
167.105
168.074
168.421
169.577
170.298
171.314
171.39
172.531
172.673
172.718
172.828
173.344
173.52
174.313
175.219
175.281
175.546
175.754
176.921
177.335
177.423
178.0
178.234
178.758
178.969
179.219
179.542
180.51
180.953
181.422
181.672
183.563
185.004
185.391
187.406
187.828
188.813
189.41
190.476
190.578
191.125
191.328
191.654
192.813
193.75
193.797
195.109
195.313
195.922
196.469
196.708
196.734
197.21
198.938
199.672
199.922
200.218
200.279
201.391
202.266
202.922
203.531
204.266
205.488
207.936
208.391
208.73
208.837
209.491
210.338
210.399
213.134
214.07
214.14
214.156
215.434
216.359
216.531
217.407
217.438
217.948
219.815
220.05
220.539
221.711
221.734
222.347
222.998
225.704
227.081
228.078
228.992
233.899
234.607
236.312
236.406
237.594
237.657
238.797
239.188
240.219
241.187
241.391
241.546
241.857
243.282
243.734
244.696
244.765
245.907
246.25
246.297
246.494
247.515
248.719
249.133
249.162
249.259
250.155
251.08
251.233
252.515
253.039
253.125
254.324
254.79
254.985
255.436
256.766
258.422
259.985
261.157
263.86
265.047
265.792
266.047
266.855
269.578
271.0
272.453
273.266
274.61
275.641
276.547
280.219
283.157
288.437
288.468
290.89
297.416
298.0
298.52
300.125
300.719
304.312
304.593
307.016
308.562
310.066
313.388
313.44
313.619
314.147
314.364
314.368
320.505
322.991
325.157
331.719
332.266
333.479
335.562
335.764
336.172
337.72
338.962
339.688
344.056
344.577
344.586
344.604
346.86
347.828
348.031
348.172
349.235
349.906
354.344
354.645
358.283
362.266
366.303
372.201
376.847
378.563
379.031
382.321
383.453
384.375
396.172
401.288
401.387
402.471
402.953
403.307
403.842
404.251
404.361
405.43
405.711
406.018
409.75
410.037
415.203
417.328
424.514
425.047
430.69
431.985
433.501
433.657
434.66
435.125
435.204
436.047
436.247
436.605
437.078
439.051
441.081
441.976
444.562
445.593
454.608
455.523
458.172
459.909
460.917
463.234
466.672
468.828
469.852
471.484
478.531
478.942
480.924
485.187
486.235
487.36
488.344
491.359
494.063
495.829
503.0
507.625
512.727
516.36
518.925
519.823
521.203
521.312
530.282
540.407
540.897
540.945
543.204
545.531
546.923
548.344
550.984
552.548
555.415
563.526
567.14
570.284
571.203
578.3
580.157
584.25
588.86
591.421
592.531
592.594
593.672
593.973
598.787
598.875
599.313
599.992
602.447
604.112
604.5
604.668
611.46
616.016
616.465
620.662
622.912
628.032
630.532
630.937
634.392
641.799
646.785
649.266
651.226
653.99
663.781
666.594
678.531
699.265
710.035
713.609
714.125
715.759
721.807
735.766
755.421
775.139
777.047
780.948
785.909
789.625
794.64
807.407
810.984
834.81
838.942
838.968
840.766
846.576
849.343
849.375
849.422
855.91
864.391
867.982
882.573
890.73
892.534
895.094
895.656
902.21
902.703
922.847
930.998
934.484
937.288
945.568
946.625
962.89
970.203
1003.625
1009.344
1013.749
1022.838
1024.403
1032.326
1036.82
1045.374
1045.719
1047.907
1049.985
1051.156
1052.985
1065.937
1072.078
1075.125
1082.669
1093.609
1095.801
1102.229
1110.5
1113.296
1121.238
1132.266
1167.168
1176.234
1180.656
1195.323
1201.266
1211.346
1211.962
1212.153
1222.556
1238.609
1239.208
1270.078
1278.385
1307.469
1307.484
1336.427
1344.395
1373.062
1378.985
1381.759
1409.611
1417.079
1422.485
1438.0
1493.813
1498.634
1533.335
1554.639
1555.237
1566.252
1571.879
1577.495
1585.796
1586.672
1593.568
1607.657
1621.29
1622.987
1633.908
1697.318
1729.547
1729.625
1759.656
1785.694
1787.484
1815.295
1850.365
1866.719
1892.734
1895.94
1905.794
1937.641
1979.235
2078.718
2122.437
2124.532
2143.772
2160.657
2173.706
2188.953
2193.781
2207.547
2224.368
2241.976
2258.071
2337.309
2394.209
2395.844
2474.565
2486.68
2560.844
2614.848
2711.514
2728.047
2770.663
2782.196
2782.59
2787.344
2837.0
2873.547
2879.393
2988.64
3150.308
3219.953
3354.75
3614.969
3646.49
3686.384
3700.891
3740.578
3785.068
3836.407
4010.265
4154.282
4217.062
4378.477
4384.084
4403.891
4421.436
4559.515
4810.657
4904.716
4906.982
4938.281
5167.641
5341.578
5609.491
5677.484
6070.944
6085.587
6468.672
7386.703
7456.558
7506.679
7649.809
8251.62
8700.408
9091.604
9729.811
10071.86
11387.14
14893.532
15478.317
17136.016
19409.238
